$ 1 0.000005 25.510281670702206 50 5 50 5e-11
157 912 528 960 528 0 7 0 0
157 912 288 992 288 0 7 0 0
197 704 528 736 528 4
164 224 464 272 464 0 4 0 5 5 0 false 0
R 192 464 160 464 1 2 100 2.5 2.5 0 0.5
w 576 560 608 560 0
w 576 528 608 528 0
w 576 496 608 496 0
w 1040 416 1040 432 0
w 1040 432 432 432 0
w 832 528 912 528 0
w 832 560 912 560 0
w 832 592 912 592 0
w 832 624 912 624 0
w 832 656 976 656 0
w 832 688 1008 688 0
w 1008 688 1008 656 0
w 832 720 1040 720 0
w 1040 720 1040 656 0
154 464 480 544 480 0 2 0 5
w 464 464 432 464 0
w 320 496 464 496 0
w 576 496 576 480 0
w 576 480 544 480 0
154 464 544 544 544 0 2 0 5
154 464 608 544 608 0 2 5 5
w 432 464 432 528 0
w 432 528 464 528 0
w 544 544 576 544 0
w 576 544 576 528 0
w 432 528 432 592 0
w 432 592 464 592 0
w 576 608 576 560 0
I 336 464 432 464 0 0.5 5
w 192 464 224 464 0
w 576 608 544 608 0
w 432 432 432 464 0
w 464 624 320 624 0
w 320 624 320 560 0
w 464 560 352 560 0
w 352 560 352 528 0
w 352 528 320 528 0
196 608 464 656 464 2 4
w 432 592 432 688 0
w 608 688 432 688 0
w 336 464 320 464 0
