$ 1 0.000005 10.20027730826997 50 5 50 5e-11
165 208 336 240 336 6 0
R 272 304 272 272 0 0 40 5 0 0 0.5
g 272 528 272 544 0 0
r 336 368 384 368 0 1000
R 384 368 400 368 0 0 40 5 0 0 0.5
c 272 496 272 528 0 1e-8 0.001 0.001
g 304 496 304 544 0 0
w 208 432 176 432 0
S 272 176 272 224 0 0 false 0 2
w 336 368 336 224 0
w 336 224 288 224 0
r 176 432 128 432 0 1000
R 128 432 112 432 0 0 40 5 0 0 0.5
w 176 432 176 224 0
w 176 224 256 224 0
g 272 176 272 160 0 0
g 208 464 192 464 0 0
r 368 448 368 400 0 100
r 416 448 416 400 0 220
w 336 400 368 400 0
w 368 400 416 400 0
g 368 496 368 512 0 0
162 416 496 416 448 2 default-led 0.5 0.5 0 0.02
R 416 496 416 512 0 0 40 5 0 0 0.5
162 368 448 368 496 2 default-led 0 0 1 0.02
